# Created by Octave 3.0.1, Tue Mar 24 05:19:51 2009 MSK <bob@bob>
# name: range
# type: matrix
# rows: 1
# columns: 2
 0.15 0.6
