# Created by Octave 3.0.1, Tue Apr 21 00:24:40 2009 MSD <bob@bob>
# name: func
# type: inline function
# nargs: 1
x
0
cos(x)./x.^2
