# Created by Octave 3.0.1, Mon Apr 20 23:18:59 2009 MSD <bob@bob>
# name: funcDer
# type: inline function
# nargs: 1
x
0
(-sin(x) .* x.^2 .- cos(x) .* 2 .* x)./x.^4
