# Created by Octave 3.0.1, Tue Mar 24 05:19:27 2009 MSK <bob@bob>
# name: funcDer
# type: inline function
# nargs: 1
x
0
-1./x^2.*cos(1./x)
