# Created by Octave 3.0.1, Tue Apr 21 00:24:40 2009 MSD <bob@bob>
# name: range
# type: matrix
# rows: 1
# columns: 2
 7 11
