# Created by Octave 3.0.1, Mon Apr 20 23:18:59 2009 MSD <bob@bob>
# name: range
# type: matrix
# rows: 1
# columns: 2
 7 11
