x =

   0.66667
   0.66667

b =

   8.6667
   6.6667

A =

   1   2
   2   1

y =

   1.5556
   3.5556

ans =

   0.0000e+00
  -8.8818e-16

phix =

   1.0000e-06
   1.0000e-06

ans =  5.1111e-06
